07001
07002
07003
07005
07006
07008
07009
07010
07011
07012
07013
07014
07016
07017
07018
07020
07021
07022
07023
07024
07026
07027
07028
07029
07030
07032
07033
07034
07035
07036
07039
07040
07041
07042
07043
07045
07046
07047
07050
07054
07055
07058
07060
07062
07063
07064
07065
07068
07069
07070
07076
07077
07078
07079
07080
07081
07082
07083
07087
07088
07090
07093
07094
07095
07097
07099
07102
07103
07104
07105
07106
07107
07108
07112
07114
07175
07184
07188
07189
07191
07192
07193
07195
07198
07199
07201
07202
07206
07208
07302
07304
07305
07306
07307
07310
07311
07395
07399
07401
07403
07405
07407
07410
07416
07417
07418
07419
07420
07421
07422
07423
07424
07430
07432
07435
07436
07438
07439
07440
07442
07444
07446
07450
07456
07457
07458
07460
07461
07462
07463
07465
07470
07480
07481
07495
07501
07502
07503
07504
07505
07508
07510
07512
07513
07514
07522
07524
07601
07621
07624
07626
07627
07628
07630
07631
07632
07640
07641
07642
07643
07644
07645
07646
07647